"ScheduleHId","ReportId","BeginningBalance","ContributionsReceived","ScheduleCTotal","LoansReceivedTotal","ContributionsAndReceiptsReceived","TotalExpendableFunds","TotalInKindAndExpenditures","LoansPaidTotal","ScheduleITotal","TotalPaymentsMade","ExpendableFundsBalance","TotalUnPaidDebts","BalanceAtStartOfElectionCycle","PreviousReceipts","CurrentReceipts","TotalReceiptsThisElectionCycle","TotalFundsAvailable","PreviousDisbursements","CurrentDisbursements","TotalDisbursements","EndingBalance","ScheduleId","ReportUID"
"380934","432430",".00",".00",".00",".00",".00",".00",".00",".00",".00",".00",".00",".00",".00",".00",".00",".00",".00",".00",".00",".00",".00","","{A6E4CFA4-B94D-9DB3-DBD7-1DDA7F6CB54F}"
"380936","432432",".00",".00",".00",".00",".00",".00",".00",".00",".00",".00",".00",".00",".00",".00",".00",".00",".00",".00",".00",".00",".00","","{A6E4CFA4-B94D-9DB3-DBD7-1DDA7F6CB54F}"
"380938","432434","1393.97",".00",".00",".00",".00","1393.97",".00",".00",".00",".00","1393.97","750.00","1393.97",".00",".00",".00","1393.97",".00",".00",".00","1393.97","","{BA5F8ADE-1736-FA16-45CD-1A7FFFD83BE3}"
"380940","432436","417360.76","440767.57",".00",".00","440767.57","858128.33","503436.90",".00",".00","503436.90","354691.43",".00","396837.45","133078.00","440767.57","573845.57","970683.02","112554.69","503436.90","615991.59","354691.43","","{5F970176-37B8-A268-F9FC-3F9EA47B942A}"
"380942","432438",".00","10507.43",".00",".00","10507.43","10507.43",".00",".00",".00",".00","10507.43",".00",".00",".00","10507.43","10507.43","10507.43",".00",".00",".00","10507.43","","{2D1863A7-063E-A052-26EE-D98F7C284C04}"
"380943","432439","10507.43","17933.00",".00",".00","17933.00","28440.43","12447.86",".00",".00","12447.86","15992.57",".00",".00","10507.43","17933.00","28440.43","28440.43",".00","12447.86","12447.86","15992.57","","{E2433CA7-6015-11DD-5ECB-43DF229C5F2C}"
"380944","432440","15992.57",".00",".00",".00",".00","15992.57",".00",".00",".00",".00","15992.57",".00",".00","28440.43",".00","28440.43","28440.43","12447.86",".00","12447.86","15992.57","","{639336F3-4B0C-60D2-0837-EE21EB4A90CC}"
"380945","432441","15992.57","1000.00",".00",".00","1000.00","16992.57","2268.46",".00",".00","2268.46","14724.11",".00",".00","28440.43","1000.00","29440.43","29440.43","12447.86","2268.46","14716.32","14724.11","","{6CD64D21-425D-1FD7-9774-B6DDABB1F798}"
"380946","432442","14724.11",".00",".00",".00",".00","14724.11","700.00",".00",".00","700.00","14024.11",".00",".00","29440.43",".00","29440.43","29440.43","14716.32","700.00","15416.32","14024.11","","{AE20FC90-B5C1-B1E4-2CF4-55D208A5CA3C}"
"380947","432443","14024.11",".00",".00",".00",".00","14024.11","318.00",".00",".00","318.00","13706.11",".00",".00","29440.43",".00","29440.43","29440.43","15416.32","318.00","15734.32","13706.11","","{A17D5AEF-65BF-3AF4-44A5-1D17E51206DA}"
"380948","432444","13706.11",".00",".00",".00",".00","13706.11","2355.59",".00",".00","2355.59","11350.52",".00",".00","29440.43",".00","29440.43","29440.43","15734.32","2355.59","18089.91","11350.52","","{7DE8253A-35F3-C245-2DE5-A1CE9233100E}"
"380949","432445","11350.52",".00",".00",".00",".00","11350.52","151.35",".00",".00","151.35","11199.17",".00",".00","29440.43",".00","29440.43","29440.43","18089.91","151.35","18241.26","11199.17","","{A4311550-730C-3B6E-74E8-020FA1929241}"
"380950","432446","11199.17","151.35",".00",".00","151.35","11350.52",".00",".00",".00",".00","11350.52",".00",".00","29440.43","151.35","29591.78","29591.78","18241.26",".00","18241.26","11350.52","","{6CF59066-9A88-0821-610F-FC54486C97E1}"
"380951","432447","11350.52",".00",".00",".00",".00","11350.52","700.00",".00",".00","700.00","10650.52",".00",".00","29591.78",".00","29591.78","29591.78","18241.26","700.00","18941.26","10650.52","","{F8934514-A378-D716-AA09-1FDEAFBDBC18}"
"380952","432450",".00","10507.43",".00",".00","10507.43","10507.43",".00",".00",".00",".00","10507.43",".00",".00",".00","10507.43","10507.43","10507.43",".00",".00",".00","10507.43","","{2D1863A7-063E-A052-26EE-D98F7C284C04}"
"380953","432451","10507.43","17833.00",".00",".00","17833.00","28340.43","12447.86",".00",".00","12447.86","15892.57",".00",".00","10507.43","17833.00","28340.43","28340.43",".00","12447.86","12447.86","15892.57","","{E2433CA7-6015-11DD-5ECB-43DF229C5F2C}"
"380954","432452","15892.57",".00",".00",".00",".00","15892.57",".00",".00",".00",".00","15892.57",".00",".00","28340.43",".00","28340.43","28340.43","12447.86",".00","12447.86","15892.57","","{639336F3-4B0C-60D2-0837-EE21EB4A90CC}"
"380955","432453","15892.57","1000.00",".00",".00","1000.00","16892.57","2268.46",".00",".00","2268.46","14624.11",".00",".00","28340.43","1000.00","29340.43","29340.43","12447.86","2268.46","14716.32","14624.11","","{6CD64D21-425D-1FD7-9774-B6DDABB1F798}"
"380956","432454","14624.11",".00",".00",".00",".00","14624.11","700.00",".00",".00","700.00","13924.11",".00",".00","29340.43",".00","29340.43","29340.43","14716.32","700.00","15416.32","13924.11","","{AE20FC90-B5C1-B1E4-2CF4-55D208A5CA3C}"
"380957","432455","13924.11",".00",".00",".00",".00","13924.11","318.00",".00",".00","318.00","13606.11",".00",".00","29340.43",".00","29340.43","29340.43","15416.32","318.00","15734.32","13606.11","","{A17D5AEF-65BF-3AF4-44A5-1D17E51206DA}"
"380958","432456","13606.11",".00",".00",".00",".00","13606.11","2355.59",".00",".00","2355.59","11250.52",".00",".00","29340.43",".00","29340.43","29340.43","15734.32","2355.59","18089.91","11250.52","","{7DE8253A-35F3-C245-2DE5-A1CE9233100E}"
"380959","432457","11250.52",".00",".00",".00",".00","11250.52","151.35",".00",".00","151.35","11099.17",".00",".00","29340.43",".00","29340.43","29340.43","18089.91","151.35","18241.26","11099.17","","{A4311550-730C-3B6E-74E8-020FA1929241}"
"380960","432458","11099.17","151.35",".00",".00","151.35","11250.52",".00",".00",".00",".00","11250.52",".00",".00","29340.43","151.35","29491.78","29491.78","18241.26",".00","18241.26","11250.52","","{6CF59066-9A88-0821-610F-FC54486C97E1}"
"380961","432459","11250.52",".00",".00",".00",".00","11250.52","700.00",".00",".00","700.00","10550.52",".00",".00","29491.78",".00","29491.78","29491.78","18241.26","700.00","18941.26","10550.52","","{F8934514-A378-D716-AA09-1FDEAFBDBC18}"
"380964","432462","59499.19","76577.87",".00",".00","76577.87","136077.06","50418.19",".00",".00","50418.19","85658.87",".00","29793.95","64474.17","76577.87","141052.04","170845.99","34768.93","50418.19","85187.12","85658.87","","{654C5846-1F96-4526-6211-90E61B5EF5D0}"
"380966","432468",".00",".00",".00",".00",".00",".00",".00",".00",".00",".00",".00",".00","10.00",".00",".00",".00","10.00","10.00",".00","10.00",".00","","{FE58D03A-CB96-E705-B22E-4141626C14CE}"
"380971","432473","533.89",".00",".00",".00",".00","533.89",".00",".00",".00",".00","533.89","2458.42","533.89",".00",".00",".00","533.89",".00",".00",".00","533.89","","{12F4C286-0A3F-FD36-9504-DAB37F5DB321}"
"380972","432474","533.89",".00",".00",".00",".00","533.89",".00",".00",".00",".00","533.89","2458.42","533.89",".00",".00",".00","533.89",".00",".00",".00","533.89","","{12F4C286-0A3F-FD36-9504-DAB37F5DB321}"
"380973","432475","533.89",".00",".00",".00",".00","533.89",".00",".00",".00",".00","533.89","2458.42","533.89",".00",".00",".00","533.89",".00",".00",".00","533.89","","{12F4C286-0A3F-FD36-9504-DAB37F5DB321}"
"380974","432476","533.89",".00",".00",".00",".00","533.89",".00",".00",".00",".00","533.89","2458.42","533.89",".00",".00",".00","533.89",".00",".00",".00","533.89","","{4772F05F-1CFC-91F2-5704-FDED272D105A}"
"380975","432477","533.89",".00",".00",".00",".00","533.89",".00",".00",".00",".00","533.89","2458.42","533.89",".00",".00",".00","533.89",".00",".00",".00","533.89","","{AAB453E5-5D06-80EC-17E3-8BA167390D53}"
"380976","432478","533.89",".00",".00",".00",".00","533.89",".00",".00",".00",".00","533.89","2458.42","533.89",".00",".00",".00","533.89",".00",".00",".00","533.89","","{AAB453E5-5D06-80EC-17E3-8BA167390D53}"
"380978","432480","533.89",".00",".00",".00",".00","533.89",".00",".00",".00",".00","533.89","2458.42","533.89",".00",".00",".00","533.89",".00",".00",".00","533.89","","{F19AFBAD-BC43-06E9-9A22-F449DFEB3224}"
"380979","432481","533.89",".00",".00",".00",".00","533.89",".00",".00",".00",".00","533.89","2458.42","533.89",".00",".00",".00","533.89",".00",".00",".00","533.89","","{F19AFBAD-BC43-06E9-9A22-F449DFEB3224}"
"380980","432482","533.89",".00",".00",".00",".00","533.89",".00",".00",".00",".00","533.89","2458.42","533.89",".00",".00",".00","533.89",".00",".00",".00","533.89","","{F19AFBAD-BC43-06E9-9A22-F449DFEB3224}"
"380981","432483","533.89",".00",".00",".00",".00","533.89",".00",".00",".00",".00","533.89","2458.42","533.89",".00",".00",".00","533.89",".00",".00",".00","533.89","","{F19AFBAD-BC43-06E9-9A22-F449DFEB3224}"
"380982","432484","533.89",".00",".00",".00",".00","533.89",".00",".00",".00",".00","533.89","2458.42","533.89",".00",".00",".00","533.89",".00",".00",".00","533.89","","{D276D0AD-6060-8EC6-136A-6A5EA4A17EFF}"
"380983","432485","533.89",".00",".00",".00",".00","533.89",".00",".00",".00",".00","533.89","2458.42","533.89",".00",".00",".00","533.89",".00",".00",".00","533.89","","{D276D0AD-6060-8EC6-136A-6A5EA4A17EFF}"
"380984","432486","533.89",".00",".00",".00",".00","533.89",".00",".00",".00",".00","533.89","2458.42","533.89",".00",".00",".00","533.89",".00",".00",".00","533.89","","{D276D0AD-6060-8EC6-136A-6A5EA4A17EFF}"
"380985","432487","533.89",".00",".00",".00",".00","533.89",".00",".00",".00",".00","533.89","2458.42","533.89",".00",".00",".00","533.89",".00",".00",".00","533.89","","{D276D0AD-6060-8EC6-136A-6A5EA4A17EFF}"
"380986","432488","533.89",".00",".00",".00",".00","533.89",".00",".00",".00",".00","533.89","2458.42","533.89",".00",".00",".00","533.89",".00",".00",".00","533.89","","{D276D0AD-6060-8EC6-136A-6A5EA4A17EFF}"
"380989","432491","15.60",".00",".00",".00",".00","15.60","15.60",".00",".00","15.60",".00",".00","15.60",".00",".00",".00","15.60",".00","15.60","15.60",".00","","{93825A4E-E29B-AA1A-DDAD-9523F4F1FBC0}"
"380992","432494","11142.02",".00",".00",".00",".00","11142.02",".00",".00",".00",".00","11142.02",".00","11142.02",".00",".00",".00","11142.02",".00",".00",".00","11142.02","","{64E27ED8-D175-F991-B699-360EB4069F66}"
"380993","432495","4580.82",".00","100.00",".00","100.00","4680.82","1275.00",".00",".00","1275.00","3405.82",".00","20727.64",".00","100.00","100.00","20827.64","16146.82","1275.00","17421.82","3405.82","","{B369EC2C-7469-51E3-9032-939DC057F836}"
"380994","432496","3405.82","35.00",".00",".00","35.00","3440.82","1719.00",".00",".00","1719.00","1721.82",".00","20727.64","100.00","35.00","135.00","20862.64","17421.82","1719.00","19140.82","1721.82","","{6093A548-8EB8-88FB-A8B4-3AE4AC437D29}"
"380995","432497","1721.82",".00",".00",".00",".00","1721.82",".00",".00",".00",".00","1721.82",".00","20727.64","135.00",".00","135.00","20862.64","19140.82",".00","19140.82","1721.82","","{C721B919-D969-0CB7-31E2-E2EB8A5222FB}"
"380996","432498","1721.82",".00",".00",".00",".00","1721.82","320.00",".00",".00","320.00","1401.82",".00","20727.64","135.00",".00","135.00","20862.64","19140.82","320.00","19460.82","1401.82","","{5B489D26-CBB7-22B1-6C45-C92509FE18F4}"
"380997","432499","1401.82",".00",".00",".00",".00","1401.82","135.00",".00",".00","135.00","1266.82",".00","20727.64","135.00",".00","135.00","20862.64","19460.82","135.00","19595.82","1266.82","","{E9031075-081C-76C1-D67C-E58BB018F1A9}"
"380999","432501","2103.28",".00",".00",".00",".00","2103.28",".00",".00",".00",".00","2103.28",".00","2103.28",".00",".00",".00","2103.28",".00",".00",".00","2103.28","","{EC04F3DE-6367-81DF-CE9A-7923AF62C4D8}"
"381000","432502","1266.82",".00",".00",".00",".00","1266.82","535.00",".00",".00","535.00","731.82",".00","20727.64","135.00",".00","135.00","20862.64","19595.82","535.00","20130.82","731.82","","{078D7FC2-DB20-FD13-5B29-17CE1316E594}"
"381001","432503","731.82",".00",".00",".00",".00","731.82","350.00",".00",".00","350.00","381.82",".00","20727.64","135.00",".00","135.00","20862.64","20130.82","350.00","20480.82","381.82","","{89F529C0-B134-FCAD-D8DD-2D9D504C934F}"
"381002","432504","381.82",".00",".00",".00",".00","381.82","60.00",".00",".00","60.00","321.82",".00","20727.64","135.00",".00","135.00","20862.64","20480.82","60.00","20540.82","321.82","","{4F97EB87-D2D5-4D29-FB09-B481A2D6CD2E}"
"381004","432506","2.48",".00",".00",".00",".00","2.48",".00",".00",".00",".00","2.48",".00","2.48",".00",".00",".00","2.48",".00",".00",".00","2.48","","{3DBACEAF-D33D-9836-10A8-30F21BC13306}"
"381006","432510","1609.55",".00",".00",".00",".00","1609.55",".00",".00",".00",".00","1609.55",".00","1621.55",".00",".00",".00","1621.55","12.00",".00","12.00","1609.55","","{796B9397-5E9B-6004-60E4-EB78C57CBF62}"
"381007","432512","704.15",".00",".00",".00",".00","704.15",".00",".00",".00",".00","704.15",".00",".00","1989.13",".00","1989.13","1989.13","1284.98",".00","1284.98","704.15","","{F0C61D87-EA7B-6C63-FF2A-E8D09E37E9B7}"
"381008","432513","704.15","600.00",".00",".00","600.00","1304.15","45.66",".00",".00","45.66","1258.49",".00",".00","1989.13","600.00","2589.13","2589.13","1284.98","45.66","1330.64","1258.49","","{3A6B15A4-0993-90BD-4908-6518593D8C85}"
"381009","432514","1258.49",".00",".00","709.13","709.13","1967.62","855.41",".00",".00","855.41","1112.21","709.13",".00","2589.13","709.13","3298.26","3298.26","1330.64","855.41","2186.05","1112.21","","{39A5B383-DA6B-93B7-6E37-D36D8AF79B53}"
"381010","432515","1112.21","345.00",".00",".00","345.00","1457.21","256.99",".00",".00","256.99","1200.22","709.13",".00","3298.26","345.00","3643.26","3643.26","2186.05","256.99","2443.04","1200.22","","{FD0F8800-4629-53C7-2D7B-BAF094D1FC0C}"
"381011","432516","1200.22","290.00",".00",".00","290.00","1490.22","204.58",".00",".00","204.58","1285.64","709.13",".00","3643.26","290.00","3933.26","3933.26","2443.04","204.58","2647.62","1285.64","","{B12A556B-D0BA-8C3C-F2E8-37EA1C0857C0}"
"381012","432517","1285.64","45.00",".00",".00","45.00","1330.64","16.00",".00",".00","16.00","1314.64","709.13",".00","3933.26","45.00","3978.26","3978.26","2647.62","16.00","2663.62","1314.64","","{66FA4F16-784F-BE40-35B6-68743007782B}"
"381017","432522",".00","311.11",".00",".00","311.11","311.11","311.11",".00",".00","311.11",".00",".00",".00",".00","311.11","311.11","311.11",".00","311.11","311.11",".00","","{7BAE369A-49CB-25C8-C38E-33D994FA9376}"
