"ScheduleHId","ReportId","BeginningBalance","ContributionsReceived","ScheduleCTotal","LoansReceivedTotal","ContributionsAndReceiptsReceived","TotalExpendableFunds","TotalInKindAndExpenditures","LoansPaidTotal","ScheduleITotal","TotalPaymentsMade","ExpendableFundsBalance","TotalUnPaidDebts","BalanceAtStartOfElectionCycle","PreviousReceipts","CurrentReceipts","TotalReceiptsThisElectionCycle","TotalFundsAvailable","PreviousDisbursements","CurrentDisbursements","TotalDisbursements","EndingBalance","ScheduleId","ReportUID"
"377667","428760",".00","1596.50",".00",".00","1596.50","1596.50","40.00",".00",".00","40.00","1556.50",".00",".00","21.01","1596.50","1617.51","1617.51","21.01","40.00","61.01","1556.50","","{280C8EFC-0E7E-8C0F-7454-94BB3599511C}"
"385467","437452","2562.78",".00",".00",".00",".00","2562.78","2562.78",".00",".00","2562.78",".00",".00","2562.78",".00",".00",".00","2562.78",".00","2562.78","2562.78",".00","","{405849CF-B142-E735-7E99-4A419EFB6AFA}"
"385594","437612",".00",".00",".00",".00",".00",".00",".00",".00",".00",".00",".00",".00",".00",".00",".00",".00",".00",".00",".00",".00",".00","","{3CD2F604-AE5C-5805-2660-66996BF288AA}"
"385595","437613","100.00",".00",".00",".00",".00","100.00",".00",".00",".00",".00","100.00",".00","100.00",".00",".00",".00","100.00",".00",".00",".00","100.00","","{E3B91785-132A-4C9A-8BB3-AB3CAB0F715D}"
"385603","437621","1211.15",".00",".00",".00",".00","1211.15",".00",".00",".00",".00","1211.15",".00","1196.28","1100.00",".00","1100.00","2296.28","1085.13",".00","1085.13","1211.15","","{F71103EA-1B85-E970-372F-B9DD59792FF3}"
"385634","437653","327.44",".00",".00",".00",".00","327.44","87.44","240.00",".00","327.44",".00",".00","327.44","22.02",".00","22.02","349.46","22.02","327.44","349.46",".00","","{D4076475-B244-69B3-5CEF-7F3B7E7A648B}"
"385637","437656","119.00",".00",".00",".00",".00","119.00","119.00",".00",".00","119.00",".00",".00","119.00",".00",".00",".00","119.00",".00","119.00","119.00",".00","","{972705A3-EB9A-EED8-0ECB-109FC7D00817}"
"385640","437659",".00","1000.00",".00","2200.00","3200.00","3200.00","2317.82",".00",".00","2317.82","882.18","2200.00",".00",".00","3200.00","3200.00","3200.00",".00","2317.82","2317.82","882.18","","{C1D87CE1-5BC7-1D6F-1005-E494FEE779CD}"
"385643","437663","55438.07","3349.00",".00",".00","3349.00","58787.07","31542.65",".00",".00","31542.65","27244.42",".00","3699.43","127072.03","3349.00","130421.03","134120.46","75333.39","31542.65","106876.04","27244.42","","{9D6A83F0-1A52-3321-5F05-321EEF6EBDC3}"
"385644","437664","27244.42","125.00","37.93",".00","162.93","27407.35","3002.72",".00",".00","3002.72","24404.63",".00","3699.43","130421.03","162.93","130583.96","134283.39","106876.04","3002.72","109878.76","24404.63","","{6631266E-F7DA-E11E-1FF4-D3C0687B11E7}"
"385645","437665","24404.63",".00",".00",".00",".00","24404.63","1270.00",".00",".00","1270.00","23134.63",".00","3699.43","130583.96",".00","130583.96","134283.39","109878.76","1270.00","111148.76","23134.63","","{1C49BE6C-E050-7E04-673E-A0E7A1C599FC}"
"385646","437666","23134.63",".00",".00",".00",".00","23134.63","1400.00",".00",".00","1400.00","21734.63",".00","3699.43","130583.96",".00","130583.96","134283.39","111148.76","1400.00","112548.76","21734.63","","{BDAE5E65-9CEE-0345-3DDD-538ACC5C8CFA}"
"385647","437667","21734.63",".00",".00",".00",".00","21734.63","535.00",".00",".00","535.00","21199.63",".00","3699.43","130583.96",".00","130583.96","134283.39","112548.76","535.00","113083.76","21199.63","","{BC6D39D4-E800-953E-05A3-B6BF62BC4135}"
"385648","437668","21199.63",".00",".00",".00",".00","21199.63","656.00",".00",".00","656.00","20543.63",".00","3699.43","130583.96",".00","130583.96","134283.39","113083.76","656.00","113739.76","20543.63","","{EAAE014F-049D-133B-DF60-E005723570FF}"
"385649","437669","20543.63",".00",".00",".00",".00","20543.63","6199.03",".00",".00","6199.03","14344.60",".00","20543.63",".00",".00",".00","20543.63",".00","6199.03","6199.03","14344.60","","{4C5DE308-B09E-961D-92B0-66BB9DB6F144}"
"385650","437670","14344.60",".00",".00",".00",".00","14344.60","4226.79",".00",".00","4226.79","10117.81",".00","20543.63",".00",".00",".00","20543.63","6199.03","4226.79","10425.82","10117.81","","{483BC735-0277-3108-33D1-5DAA94F9BA6F}"
"385651","437671","10117.81",".00",".00",".00",".00","10117.81","3370.00",".00",".00","3370.00","6747.81",".00","20543.63",".00",".00",".00","20543.63","10425.82","3370.00","13795.82","6747.81","","{F1175F22-B5D7-7A3F-063B-1DE86BA87B69}"
"385652","437672","6747.81",".00",".00",".00",".00","6747.81","2351.00",".00",".00","2351.00","4396.81",".00","20543.63",".00",".00",".00","20543.63","13795.82","2351.00","16146.82","4396.81","","{F1928752-D3EB-F988-6C34-3FBC30C06E87}"
"385653","437673","4396.81",".00","100.00",".00","100.00","4496.81","1275.00",".00",".00","1275.00","3221.81",".00","20543.63",".00","100.00","100.00","20643.63","16146.82","1275.00","17421.82","3221.81","","{B369EC2C-7469-51E3-9032-939DC057F836}"
"385654","437674","3221.81","35.00",".00",".00","35.00","3256.81","1719.00",".00",".00","1719.00","1537.81",".00","20543.63","100.00","35.00","135.00","20678.63","17421.82","1719.00","19140.82","1537.81","","{6093A548-8EB8-88FB-A8B4-3AE4AC437D29}"
"385655","437675","1537.81",".00",".00",".00",".00","1537.81",".00",".00",".00",".00","1537.81",".00","20543.63","135.00",".00","135.00","20678.63","19140.82",".00","19140.82","1537.81","","{C721B919-D969-0CB7-31E2-E2EB8A5222FB}"
"385656","437676","1537.81",".00",".00",".00",".00","1537.81","320.00",".00",".00","320.00","1217.81",".00","20543.63","135.00",".00","135.00","20678.63","19140.82","320.00","19460.82","1217.81","","{5B489D26-CBB7-22B1-6C45-C92509FE18F4}"
"385657","437677","1217.81",".00",".00",".00",".00","1217.81","135.00",".00",".00","135.00","1082.81",".00","20543.63","135.00",".00","135.00","20678.63","19460.82","135.00","19595.82","1082.81","","{E9031075-081C-76C1-D67C-E58BB018F1A9}"
"385658","437678","1082.81",".00",".00",".00",".00","1082.81","535.00",".00",".00","535.00","547.81",".00","20543.63","135.00",".00","135.00","20678.63","19595.82","535.00","20130.82","547.81","","{078D7FC2-DB20-FD13-5B29-17CE1316E594}"
"385659","437679","547.81",".00",".00",".00",".00","547.81","350.00",".00",".00","350.00","197.81",".00","20543.63","135.00",".00","135.00","20678.63","20130.82","350.00","20480.82","197.81","","{89F529C0-B134-FCAD-D8DD-2D9D504C934F}"
"385660","437680","197.81",".00",".00",".00",".00","197.81","60.00",".00",".00","60.00","137.81",".00","20543.63","135.00",".00","135.00","20678.63","20480.82","60.00","20540.82","137.81","","{4F97EB87-D2D5-4D29-FB09-B481A2D6CD2E}"
"385662","437682","137.81","2.75",".00",".00","2.75","140.56","140.56",".00",".00","140.56",".00",".00","137.81",".00","2.75","2.75","140.56",".00","140.56","140.56",".00","","{7FFF04EA-4CFD-C97A-518E-AA1D7B71161D}"
"385668","437700","208.43",".00",".00",".00",".00","208.43","137.96",".00",".00","137.96","70.47","151.34","295.91",".00",".00",".00","295.91","87.48","137.96","225.44","70.47","","{17F5EF83-DAC0-CC95-1EF3-1FE19E466AB8}"
"385681","437714","3000.14",".00",".00",".00",".00","3000.14",".00",".00",".00",".00","3000.14",".00","3000.14",".00",".00",".00","3000.14",".00",".00",".00","3000.14","","{526114EB-4C62-F303-398C-2EC1E5826E7C}"
"385686","437720",".00","1843.89",".00",".00","1843.89","1843.89","138.23",".00",".00","138.23","1705.66",".00",".00",".00","1843.89","1843.89","1843.89",".00","138.23","138.23","1705.66","","{DEBF9F37-94FA-89A2-935E-D95F4E04FD4E}"
"385690","437725","192.39","11700.00",".00",".00","11700.00","11892.39","192.39","11700.00",".00","11892.39",".00",".00","192.39",".00","11700.00","11700.00","11892.39",".00","11892.39","11892.39",".00","","{A7571793-0377-E3BA-872A-F08C12EE165C}"
"385702","437753","2882.78",".00",".00",".00",".00","2882.78",".00",".00",".00",".00","2882.78",".00","2882.78",".00",".00",".00","2882.78",".00",".00",".00","2882.78","","{BA6C24DE-60D8-43EB-1BCD-3ACA30718BDD}"
"385713","437766",".00",".00",".00",".00",".00",".00",".00",".00",".00",".00",".00",".00",".00",".00",".00",".00",".00",".00",".00",".00",".00","","{376EE07D-19E8-80A5-E757-71F4BFF1B5B3}"
"385716","437769","444.02",".00",".00",".00",".00","444.02",".00",".00",".00",".00","444.02",".00","444.02",".00",".00",".00","444.02",".00",".00",".00","444.02","","{CA7E0E12-B8F7-4079-98B2-4D8503D3AA3C}"
"385736","437800",".00","8219.76",".00",".00","8219.76","8219.76","8062.80",".00",".00","8062.80","156.96",".00",".00",".00","8219.76","8219.76","8219.76",".00","8062.80","8062.80","156.96","","{2D9EE367-5F86-02A3-5F8A-1BE388D1150E}"
"385740","437804","156.96","6895.00",".00",".00","6895.00","7051.96","4172.24",".00",".00","4172.24","2879.72",".00",".00","8219.76","6895.00","15114.76","15114.76","8062.80","4172.24","12235.04","2879.72","","{9F9EE761-874D-0ADB-BF4B-D6D847837249}"
"385750","437825",".00",".00",".00",".00",".00",".00",".00",".00",".00",".00",".00",".00",".00",".00",".00",".00",".00",".00",".00",".00",".00","","{DE78C579-C584-C979-B076-A3821D5EEFF5}"
"385753","437828","730.84","269.16",".00",".00","269.16","1000.00","1000.00",".00",".00","1000.00",".00",".00","730.84",".00","269.16","269.16","1000.00",".00","1000.00","1000.00",".00","","{B1E3207B-4D6F-5EBF-4D0A-571C39160DC1}"
"385755","437830","7.10",".00",".00",".00",".00","7.10",".00",".00",".00",".00","7.10","14100.00","7.10",".00",".00",".00","7.10",".00",".00",".00","7.10","","{C73448C2-BAA3-5C8F-1C69-CA86800ABD6A}"
"385763","437841",".00",".00",".00",".00",".00",".00",".00",".00",".00",".00",".00",".00",".00",".00",".00",".00",".00",".00",".00",".00",".00","","{1DEB538D-95C4-113B-E121-B828F2A382FA}"
"385770","437859","1393.97","750.00",".00",".00","750.00","2143.97","1393.97","750.00",".00","2143.97",".00",".00","1393.97",".00","750.00","750.00","2143.97",".00","2143.97","2143.97",".00","","{7C0F289D-60AA-31B7-AFFF-72D458195B17}"
"385777","437870",".00",".00",".00",".00",".00",".00",".00",".00",".00",".00",".00",".00",".00",".00",".00",".00",".00",".00",".00",".00",".00","","{CFA9D714-9501-9536-F413-32FAC3C0EDFE}"
"385779","437872",".00",".00",".00",".00",".00",".00",".00",".00",".00",".00",".00",".00",".00",".00",".00",".00",".00",".00",".00",".00",".00","","{8135351E-4C09-94A3-02C0-2B062DB798EC}"
"385783","437876","156.96","6895.00",".00",".00","6895.00","7051.96","4166.91",".00",".00","4166.91","2885.05",".00",".00","8219.76","6895.00","15114.76","15114.76","8062.80","4166.91","12229.71","2885.05","","{9F9EE761-874D-0ADB-BF4B-D6D847837249}"
"385795","437892","19770.28","30973.37",".00",".00","30973.37","50743.65","7523.73",".00",".00","7523.73","43219.92",".00","12810.53","16914.36","30973.37","47887.73","60698.26","9954.61","7523.73","17478.34","43219.92","","{EE852E3A-A1A6-F331-1148-53B22192B5EC}"
"385796","437893","43219.92","23593.07",".00",".00","23593.07","66812.99","9317.78",".00",".00","9317.78","57495.21",".00","12810.53","47887.73","23593.07","71480.80","84291.33","17478.34","9317.78","26796.12","57495.21","","{83AE068F-87D4-BD54-E29B-8D5065FF80F1}"
"385802","437900","59.31",".00",".00",".00",".00","59.31","59.31",".00",".00","59.31",".00",".00","59.31","1802.86",".00","1802.86","1862.17","1802.86","59.31","1862.17",".00","","{D83F15B8-26FF-321B-CAD5-3017251054BF}"
"385852","437962",".00",".00",".00",".00",".00",".00",".00",".00",".00",".00",".00",".00",".00",".00",".00",".00",".00",".00",".00",".00",".00","","{317AC3DC-369E-60CD-8AA1-C5A751908B71}"
"385853","437963",".00",".00",".00","50.00","50.00","50.00",".00",".00",".00",".00","50.00","50.00",".00",".00","50.00","50.00","50.00",".00",".00",".00","50.00","","{DF1F9AFC-8D16-5ED5-E0FA-DBEF5834DD3A}"
"385854","437964","50.00",".00",".00",".00",".00","50.00",".00",".00",".00",".00","50.00","50.00",".00","50.00",".00","50.00","50.00",".00",".00",".00","50.00","","{5CC44E64-AF2D-0BD1-0C9A-25DF2B8DA917}"
"385855","437965","50.00",".00",".00",".00",".00","50.00","10.00",".00",".00","10.00","40.00","50.00",".00","50.00",".00","50.00","50.00",".00","10.00","10.00","40.00","","{1BBA8348-D99E-69F8-D311-80348B11F805}"
"385856","437966","40.00",".00",".00",".00",".00","40.00","5.00",".00",".00","5.00","35.00","50.00",".00","50.00",".00","50.00","50.00","10.00","5.00","15.00","35.00","","{FD4363B5-84B6-AABF-6903-88DDB9BB8DE7}"
"385857","437967","35.00","100.00",".00",".00","100.00","135.00","125.04",".00",".00","125.04","9.96","50.00",".00","50.00","100.00","150.00","150.00","15.00","125.04","140.04","9.96","","{3FE36C4C-6F48-0558-D8F7-F6F2D804D82A}"
"385858","437968","9.96",".00",".01",".00",".01","9.97","5.00",".00",".00","5.00","4.97","50.00",".00","150.00",".01","150.01","150.01","140.04","5.00","145.04","4.97","","{21DDD735-0D29-043A-7386-65406A3BD87F}"
"385861","437971","4.97","50.00",".00",".00","50.00","54.97","4.97","50.00",".00","54.97",".00",".00",".00","150.01","50.00","200.01","200.01","145.04","54.97","200.01",".00","","{809E0321-5D74-CE40-72EF-7F5BFF84CFA2}"
"385879","437991","16076.29","2500.00",".00",".00","2500.00","18576.29","18128.04",".00",".00","18128.04","448.25",".00","1510.98","36405.67","2500.00","38905.67","40416.65","21840.36","18128.04","39968.40","448.25","","{9604D1EB-8CC1-D432-2D34-51629BA22ACA}"
"385881","437993","448.25",".00",".00",".00",".00","448.25","448.25",".00",".00","448.25",".00",".00","1510.98","38905.67",".00","38905.67","40416.65","39968.40","448.25","40416.65",".00","","{080C1D24-17A2-0CB2-FE37-831E989C6972}"
"385892","438015","9703.02","19084.89",".00",".00","19084.89","28787.91","5880.12",".00",".00","5880.12","22907.79",".00","17500.07","365.12","19084.89","19450.01","36950.08","8162.17","5880.12","14042.29","22907.79","","{0C6C4E1A-15DA-C1F7-46EF-B7AE82AE2AAE}"
"385894","438017","313.34",".00",".00",".00",".00","313.34","313.34",".00",".00","313.34",".00",".00","313.34",".00",".00",".00","313.34",".00","313.34","313.34",".00","","{0A3954AE-84FB-5A59-40AE-DC7A30F227C2}"
"385921","438050",".00","3247.92",".00",".00","3247.92","3247.92","1421.43",".00",".00","1421.43","1826.49",".00",".00",".00","3247.92","3247.92","3247.92",".00","1421.43","1421.43","1826.49","","{84BDCAE6-E14A-D2A0-9A4B-9A53F350DDBD}"
"385941","438079",".00",".00",".00",".00",".00",".00",".00",".00",".00",".00",".00",".00",".00",".00",".00",".00",".00",".00",".00",".00",".00","","{7EABE06D-92FD-528D-0567-DDB4F7328646}"
"385954","438092",".00",".00",".00","192.00","192.00","192.00",".00",".00",".00",".00","192.00","192.00",".00",".00","192.00","192.00","192.00",".00",".00",".00","192.00","","{734C071B-6BD5-7EC5-F0EF-DD1E247B38EC}"
"386006","438150","1620.47","18125.00",".00",".00","18125.00","19745.47","10129.48",".00",".00","10129.48","9615.99","134.98","411.36","2594.11","18125.00","20719.11","21130.47","1385.00","10129.48","11514.48","9615.99","","{6D56F7A3-FDE6-555D-82B9-FD5B8CCC39B4}"
"386007","438151","9615.99",".00",".00",".00",".00","9615.99",".01",".00",".00",".01","9615.98","134.98","411.36","20719.11",".00","20719.11","21130.47","11514.48",".01","11514.49","9615.98","","{35F71B52-21CA-C855-97EA-E4F97B3638F7}"
"386008","438152","9615.99","1668.13",".00",".00","1668.13","11284.12",".01",".00",".00",".01","11284.11","134.98","411.36","20719.11","1668.13","22387.24","22798.60","11514.48",".01","11514.49","11284.11","","{35F71B52-21CA-C855-97EA-E4F97B3638F7}"
"386009","438153","11284.11",".00",".00",".00",".00","11284.11",".00",".00",".00",".00","11284.11","134.98","411.36","22387.24",".00","22387.24","22798.60","11514.49",".00","11514.49","11284.11","","{F9E2B37A-CB0E-A2E1-F362-7A1D293F627D}"
"386012","438156","11284.11",".00",".00",".00",".00","11284.11",".00",".00",".00",".00","11284.11","134.98","411.36","22387.24",".00","22387.24","22798.60","11514.49",".00","11514.49","11284.11","","{6411D46F-DB27-4A83-151A-D78CBCE69B75}"
"386014","438158","11284.11",".00",".00",".00",".00","11284.11","500.00",".00",".00","500.00","10784.11","134.98","411.36","22387.24",".00","22387.24","22798.60","11514.49","500.00","12014.49","10784.11","","{017D8CC2-176E-E2A9-C2A5-BB6F1F36436D}"
"386017","438161","10784.11",".00",".00",".00",".00","10784.11","2240.00",".00",".00","2240.00","8544.11","134.98","411.36","22387.24",".00","22387.24","22798.60","12014.49","2240.00","14254.49","8544.11","","{367531FB-1275-EED6-7BBA-BB28CF7A3624}"
"386018","438162","8544.11",".00",".00",".00",".00","8544.11","2100.00",".00",".00","2100.00","6444.11","134.98","411.36","22387.24",".00","22387.24","22798.60","14254.49","2100.00","16354.49","6444.11","","{454994C2-CBF3-849D-2A1A-E67E80E8D4FC}"
"386019","438163","6444.11","1030.28",".00",".00","1030.28","7474.39",".00","134.98",".00","134.98","7339.41",".00","411.36","22387.24","1030.28","23417.52","23828.88","16354.49","134.98","16489.47","7339.41","","{A82E3417-47A1-8C39-41DF-0387C8DFD020}"
"386020","438164","7339.41","4699.00",".00",".00","4699.00","12038.41",".00",".00",".00",".00","12038.41",".00","411.36","23417.52","4699.00","28116.52","28527.88","16489.47",".00","16489.47","12038.41","","{E8D36608-C165-1FD8-5461-A087FE18B02C}"
"386022","438166","12038.41",".00",".00",".00",".00","12038.41",".00",".00",".00",".00","12038.41",".00","12038.41",".00",".00",".00","12038.41",".00",".00",".00","12038.41","","{DD1E1684-75B1-A567-B7AA-DFBEBBA61D04}"
"386025","438170","7339.41",".00",".00",".00",".00","7339.41",".00",".00",".00",".00","7339.41",".00","411.36","23417.52",".00","23417.52","23828.88","16489.47",".00","16489.47","7339.41","","{E8D36608-C165-1FD8-5461-A087FE18B02C}"
"386029","438174","7339.41",".00",".00",".00",".00","7339.41",".00",".00",".00",".00","7339.41",".00","7339.41",".00",".00",".00","7339.41",".00",".00",".00","7339.41","","{DD1E1684-75B1-A567-B7AA-DFBEBBA61D04}"
"386031","438176","7339.41","44.34",".00",".00","44.34","7383.75","1574.64",".00",".00","1574.64","5809.11",".00","7339.41",".00","44.34","44.34","7383.75",".00","1574.64","1574.64","5809.11","","{69F78B01-2C31-8632-3CD5-011FE9E7AB11}"
