"ReportId","TransactionDate","Amount","ScheduleEId","LenderCommitteeContactId","LenderFirstName","LenderMiddleName","LenderLastOrCompanyName","LenderPrefix","LenderSuffix","LenderAddressLine1","LenderAddressLine2","LenderCity","LenderState","LenderZipCode","LenderIsIndividual","CoBorrowerCommitteeContactId","CoBorrowerFirstName","CoBorrowerMiddleName","CoBorrowerLastOrCompanyName","CoBorrowerPrefix","CoBorrowerSuffix","CoBorrowerAddressLine1","CoBorrowerAddressLine2","CoBorrowerCity","CoBorrowerState","CoBorrowerZipCode","CoBorrowerIsIndividual","TransactionType","LoanBalance","ScheduleId","ReportUID"
"23217","05/08/2013","25000.00","4421","77359","Donald","Lee","Woodsmall","","","1340 Mosbys Reach","","Charlottesville","VA","22901","True","","","","","","","","","","","","False","R","12500.00","","{747E0BF5-F52E-BB90-1731-4EE6E6BD33F3}"
"23338","04/19/2013","50000.00","4430","","","","Susan B Anthony List, Inc.","","","1707 L Street NW Ste 550","","Washington","DC","20036","False","","","","","","","","","","","","False","R","50000.00","","{115B38C7-00AB-4643-13A0-66156968CA0F}"
"23338","06/30/2013","316.90","4431","","","","Susan B Anthony List, Inc.","","","1707 L Street, Ste 550","","Washington","DC","20036","False","","","","","","","","","","","","False","R","152638.23","","{115B38C7-00AB-4643-13A0-66156968CA0F}"
"23338","06/30/2013","199.99","4432","","","","Susan B Anthony List, Inc.","","","1707 L Street, Ste 550","","Washington","DC","20036","False","","","","","","","","","","","","False","R","152838.22","","{115B38C7-00AB-4643-13A0-66156968CA0F}"
"23338","06/30/2013","220.75","4433","","","","Susan B Anthony List, Inc.","","","1707 L Street, Ste 550","","Washington","DC","20036","False","","","","","","","","","","","","False","R","153058.97","","{115B38C7-00AB-4643-13A0-66156968CA0F}"
"23338","06/30/2013","14.13","4434","","","","Susan B Anthony List, Inc.","","","1707 L Street, Ste 550","","Washington","DC","20036","False","","","","","","","","","","","","False","R","153073.10","","{115B38C7-00AB-4643-13A0-66156968CA0F}"
"23338","04/01/2013","3606.87","4435","","","","Susan B. Anthony List, Inc.","","","1707 L Street NW, Ste 550","","Washington","DC","20036","False","","","","","","","","","","","","False","R","53606.87","","{115B38C7-00AB-4643-13A0-66156968CA0F}"
"23338","04/01/2013","878.30","4436","","","","Susan B. Anthony List, Inc.","","","1707 L Street NW, Ste 550","","Washington","DC","20036","False","","","","","","","","","","","","False","R","54485.17","","{115B38C7-00AB-4643-13A0-66156968CA0F}"
"23338","04/01/2013","280.09","4437","","","","Susan B. Anthony List, Inc.","","","1707 L Street NW, Ste 550","","Washington","DC","20036","False","","","","","","","","","","","","False","R","54765.26","","{115B38C7-00AB-4643-13A0-66156968CA0F}"
"23338","04/06/2013","3600.00","4438","","","","Susan B. Anthony List, Inc.","","","1707 L Street NW, Ste 550","","Washington","DC","20036","False","","","","","","","","","","","","False","R","58365.26","","{115B38C7-00AB-4643-13A0-66156968CA0F}"
"23338","04/06/2013","19.99","4439","","","","Susan B. Anthony List, Inc.","","","1707 L Street NW, Ste 550","","Washington","DC","20036","False","","","","","","","","","","","","False","R","58385.25","","{115B38C7-00AB-4643-13A0-66156968CA0F}"
"23338","04/19/2013","2754.88","4440","","","","Susan B. Anthony List, Inc.","","","1707 L Street NW, Ste 550","","Washington","DC","20036","False","","","","","","","","","","","","False","R","61140.13","","{115B38C7-00AB-4643-13A0-66156968CA0F}"
"23338","04/25/2013","3661.27","4441","","","","Susan B. Anthony List, Inc.","","","1707 L Street NW, Ste 550","","Washington","DC","20036","False","","","","","","","","","","","","False","R","64801.40","","{115B38C7-00AB-4643-13A0-66156968CA0F}"
"23338","04/30/2013","19565.50","4442","","","","Susan B. Anthony List, Inc.","","","1707 L Street NW, Ste 550","","Washington","DC","20036","False","","","","","","","","","","","","False","R","84366.90","","{115B38C7-00AB-4643-13A0-66156968CA0F}"
"23338","04/30/2013","3456.18","4443","","","","Susan B. Anthony List, Inc.","","","1707 L Street NW, Ste 550","","Washington","DC","20036","False","","","","","","","","","","","","False","R","87823.08","","{115B38C7-00AB-4643-13A0-66156968CA0F}"
"23338","05/01/2013","3600.00","4444","","","","Susan B. Anthony List, Inc.","","","1707 L Street NW, Ste 550","","Washington","DC","20036","False","","","","","","","","","","","","False","R","91423.08","","{115B38C7-00AB-4643-13A0-66156968CA0F}"
"23338","05/01/2013","505.00","4445","","","","Susan B. Anthony List, Inc.","","","1707 L Street NW, Ste 550","","Washington","DC","20036","False","","","","","","","","","","","","False","R","91928.08","","{115B38C7-00AB-4643-13A0-66156968CA0F}"
"23338","05/01/2013","2032.00","4446","","","","Susan B. Anthony List, Inc.","","","1707 L Street NW, Ste 550","","Washington","DC","20036","False","","","","","","","","","","","","False","R","93960.08","","{115B38C7-00AB-4643-13A0-66156968CA0F}"
"23338","05/06/2013","19.99","4447","","","","Susan B. Anthony List, Inc.","","","1707 L Street NW, Ste 550","","Washington","DC","20036","False","","","","","","","","","","","","False","R","93980.07","","{115B38C7-00AB-4643-13A0-66156968CA0F}"
"23338","05/14/2013","2703.54","4448","","","","Susan B. Anthony List, Inc.","","","1707 L Street NW, Ste 550","","Washington","DC","20036","False","","","","","","","","","","","","False","R","96683.61","","{115B38C7-00AB-4643-13A0-66156968CA0F}"
"23338","05/25/2013","3632.27","4449","","","","Susan B. Anthony List, Inc.","","","1707 L Street NW, Ste 550","","Washington","DC","20036","False","","","","","","","","","","","","False","R","100315.88","","{115B38C7-00AB-4643-13A0-66156968CA0F}"
"23338","05/31/2013","25825.83","4450","","","","Susan B. Anthony List, Inc.","","","1707 L Street NW, Ste 550","","Washington","DC","20036","False","","","","","","","","","","","","False","R","126141.71","","{115B38C7-00AB-4643-13A0-66156968CA0F}"
"23338","05/31/2013","4023.63","4451","","","","Susan B. Anthony List, Inc.","","","1707 L Street NW, Ste 550","","Washington","DC","20036","False","","","","","","","","","","","","False","R","130165.34","","{115B38C7-00AB-4643-13A0-66156968CA0F}"
"23097","06/04/2013","10000.00","4394","87167","David","","LaRock","","","16017 Hampton Road","","Hamilton","VA","20158","True","","","","","","","","","","","","False","R","10000.00","","{12BEB29C-69B3-2BF5-E17F-A27A6518E86E}"
"23097","06/21/2013","10000.00","4395","87167","David","","LaRock","","","16017 Hampton Road","","Hamilton","VA","20158","True","105366","Joanne","","LaRock","","","16017 Hampton Road","","Hamilton","VA","20158","True","R","10000.00","","{12BEB29C-69B3-2BF5-E17F-A27A6518E86E}"
"23139","03/05/2013","200.00","4399","89473","Tim","","Allen","","","4240 Quail Drive","","Roanoke","VA","24017","True","","","","","","","","","","","","False","R","200.00","","{676F4F6F-647D-8A88-F5FA-4BBAE138ED4E}"
"23140","03/05/2013","200.00","4400","89473","Tim","","Allen","","","4240 Quail Drive","","Roanoke","VA","24017","True","","","","","","","","","","","","False","R","200.00","","{676F4F6F-647D-8A88-F5FA-4BBAE138ED4E}"
"23143","03/05/2013","200.00","4402","89473","Tim","","Allen","","","4240 Quail Drive","","Roanoke","VA","24017","True","","","","","","","","","","","","False","R","200.00","","{676F4F6F-647D-8A88-F5FA-4BBAE138ED4E}"
"23197","01/03/2013","2000.00","4412","33378","James","","LeMunyon","","","3296 Willow Glen Drive","","Oak Hill","VA","20171","True","","","","","","","","","","","","False","P",".00","","{B4259261-8BF1-DF02-58A3-C7889CF84B38}"
"23197","01/03/2013","2000.00","4413","33378","James","","LeMunyon","","","3296 Willow Glen Drive","","Oak Hill","VA","20171","True","","","","","","","","","","","","False","P","20000.00","","{B4259261-8BF1-DF02-58A3-C7889CF84B38}"
"23197","03/30/2013","75000.00","4414","33378","James","","LeMunyon","","","3296 Willow Glen Drive","","Oak Hill","VA","20171","True","","","","","","","","","","","","False","R",".00","","{B4259261-8BF1-DF02-58A3-C7889CF84B38}"
"23207","04/30/2013","75000.00","4415","33378","James","","LeMunyon","","","3296 Willow Glen Drive","","Oak Hill","VA","20171","True","","","","","","","","","","","","False","P",".00","","{7176A204-33AA-BF2B-6D73-A6EB074231F7}"
"23338","06/01/2013","3600.00","4452","","","","Susan B. Anthony List, Inc.","","","1707 L Street NW, Ste 550","","Washington","DC","20036","False","","","","","","","","","","","","False","R","133765.34","","{115B38C7-00AB-4643-13A0-66156968CA0F}"
"23338","06/01/2013","2032.00","4453","","","","Susan B. Anthony List, Inc.","","","1707 L Street NW, Ste 550","","Washington","DC","20036","False","","","","","","","","","","","","False","R","135797.34","","{115B38C7-00AB-4643-13A0-66156968CA0F}"
"23338","06/01/2013","15.78","4454","","","","Susan B. Anthony List, Inc.","","","1707 L Street NW, Ste 550","","Washington","DC","20036","False","","","","","","","","","","","","False","R","135813.12","","{115B38C7-00AB-4643-13A0-66156968CA0F}"
"23338","06/30/2013","14203.58","4455","","","","Susan B. Anthony List, Inc.","","","1707 L Street NW, Ste 550","","Washington","DC","20036","False","","","","","","","","","","","","False","R","150016.70","","{115B38C7-00AB-4643-13A0-66156968CA0F}"
"23338","06/30/2013","2304.63","4456","","","","Susan B. Anthony List, Inc.","","","1707 L Street NW, Ste 550","","Washington","DC","20036","False","","","","","","","","","","","","False","R","152321.33","","{115B38C7-00AB-4643-13A0-66156968CA0F}"
"23648","08/30/2013","12500.00","4517","95383","Robert","W.","Bailie","","","8101 Vanguard Drive","Suite 300","Mechanicsville","","23111","True","","","","","","","","","","","","False","R",".00","","{3813F844-C681-1F3B-A90B-EE7B69B271A6}"
